70.4015625
44.8015625
65.6015625
44.8015625
38.4015625
59.2015625
143.2015625
76.8015625
76.8015625
89.6015625
136.0015625
129.6015625
136.0015625
147.2015625
147.2015625
132.0015625
119.2015625
134.4015625
121.6015625
144.8015625
57.6015625
52.0015625
81.8015625
68.0015625
71.4015625
59.9015625
76.8015625
64.0015625
113.6015625
85.6015625
166.4015625
160.0015625
134.4015625
25.6015625
38.4015625
166.4015625
102.4015625
147.2015625
32.0015625
128.0015625
166.4015625
166.4015625
166.4015625
166.4015625
153.6015625
147.2015625
160.0015625
148.2015625
159.0015625
164.4015625
51.2015625
64.0015625
108.8015625
83.2015625
77.8015625
71.8015625
75.8015625
85.2015625
89.4015625
57.6015625
281.6015625
299.2015625
284.0015625
291.2015625
337.6015625
229.6015625
247.2015625
211.2015625
279.2015625
301.8015625
104.2015625
112.8015625
87.6015625
92.0015625
95.2015625
89.8015625
94.6015625
93.2015625
92.6015625
94.0015625