115.9533691
147.7775879
139.9543457
151.888916
127.8225098
159.8430176
159.9543457
143.7775879
151.888916
159.9084473
23.86254883
31.60961914
31.9934082
31.9934082
23.68579102
31.79711914
27.92797852
27.63012695
27.97387695
31.9934082
7.954345703
7.777587891
34.94657345
28.17537537
32.42757653
9.844545456
47.85668945
60.00024414
155.9006348
99.7902832
31.9934082
31.9543457
31.63989258
31.9934082
31.81665039
31.9934082
31.89770508
31.88891602
31.89282227
31.88891602
23.86254883
23.90345342
23.82345738
23.81345435
23.75324545
23.69345355
23.71454354
23.81256465
23.82456457
23.79345346
51.92797852
59.95825195
63.9074707
64.00024414
62.00024414
59.88891602
51.85180664
61.89454564
65.45656645
99.88208008
53.93383789
63.83618164
61.8684082
95.9543457
89.8605957
77.9543457
89.78930664
77.80883789
57.66625977
61.46564655
21.46456456
20.23421355
19.34585485
22.34585844
20.53546744
19.84586951
21.65452395
22.21849839
19.34588433
20.2189439