371.2015625
211.2015625
204.8015625
166.4015625
234.4015625
240.8015625
196.0015625
211.2015625
179.2015625
128.0015625
1183.201563
1178.601563
1243.601563
1006.401563
840.8015625
1228.801563
1248.001563
1280.001563
1360.801563
1156.801563
902.4015625
1073.601563
1318.401563
1382.401563
902.4015625
868.8015625
1226.801563
945.6501563
1201.401563
928.0015625
1267.201563
1024.001563
1189.401563
819.6015625
1275.401563
812.801563
838.4015625
1260.801563
825.6015625
1280.001563
1996.801563
1536.001563
1875.201563
1427.201563
2201.601563
1371.201563
1326.401563
1928.401563
2043.201563
1543.201563
1395.201563
1459.201563
1452.801563
1715.201563
1356.801563
1593.601563
1402.401563
1583.201563
1632.001563
1538.401563
3341.601563
3858.401563
2756.801563
1956.801563
3410.401563
2951.201563
1632.001563
3119.201563
1619.201563
3819.201563
2681.601563
1811.201563
1888.001563
1740.801563
2208.001563
2745.601563
1474.401563
2456.801563
1654.201563
2012.401563
