307.9621582
323.888916
303.8273926
363.8410645
293.7624512
371.8847656
303.920166
363.9379883
235.9335938
319.9069824
11.84301758
27.92797852
27.92797852
27.92797852
27.92797852
79.89477539
67.69848633
67.69848633
75.62231445
55.85571289
731.7961426
663.8186035
775.9211426
725.638916
759.8757324
683.6394671
715.7656721
801.466314
975.4664594
975.7697754
411.9807129
387.9416504
378.4651253
391.5478961
339.3578965
379.3564562
357.9152832
343.8762207
341.6535645
355.895752
219.9250488
303.9641113
319.8908691
443.9162598
503.895752
323.9064941
359.7937012
283.6311035
307.8171387
283.869873
1139.942627
1299.871338
1079.826416
1051.97583
1007.825439
1167.886963
1131.81665
1055.855713
1119.973877
1243.836182
1419.988525
1247.829346
1075.545166
1451.751221
1371.88208
1243.545166
1135.88208
1259.855713
1339.94751
1139.94751
1191.628174
819.8703613
867.845459
931.9206543
955.9118652
1087.83374
871.973877
1201.456488
924.865945
1129.465975